3.00774777800074
2.7067177823367587
1.8036277953448152
3.00774777800074
3.00774777800074
3.00774777800074
3.00774777800074
2.00774777800074
2.5306265232810774
2.229596527617096
3.00774777800074
3.00774777800074
2.5306265232810774
2.4056877866727775
2.4056877866727775
3.00774777800074
2.5306265232810774
2.4056877866727775
2.00774777800074
1.5163860841664671
3.00774777800074
1.7067177823367587
2.3087777736647213
2.5306265232810774
3.00774777800074
3.00774777800074
3.00774777800074
1.6275365362891339
3.00774777800074
3.00774777800074
3.00774777800074
2.4056877866727775
1.3001776019028035
0.7671985297181402
3.00774777800074
2.162649737986483
3.00774777800074
2.5306265232810774
1.6653250971785336
1.8316565189450587
2.7067177823367587
2.3087777736647213
3.00774777800074
3.00774777800074
2.5306265232810774
2.5306265232810774
3.00774777800074
1.6855284832668207
3.00774777800074
3.00774777800074
3.00774777800074
3.00774777800074
1.8616197423225018
2.5306265232810774
3.00774777800074
1.6855284832668207
1.4762688609584849
3.00774777800074
3.00774777800074
2.0535052685614152
1.8316565189450587
3.00774777800074
1.6855284832668207
3.00774777800074
1.893804425693903
3.00774777800074
1.893804425693903
2.7067177823367587
3.00774777800074
2.4056877866727775
3.00774777800074
3.00774777800074
2.7067177823367587
3.00774777800074
0.7647097293144455
2.0535052685614152
3.00774777800074
2.00774777800074
3.00774777800074
3.00774777800074
3.00774777800074
3.00774777800074
3.00774777800074
1.6653250971785336
3.00774777800074
2.3087777736647213
2.5306265232810774
1.4056877866727775
2.5306265232810774
1.7772988566224661
1.8316565189450587
3.00774777800074
2.7067177823367587
1.3844984876028394
3.00774777800074
3.00774777800074
3.00774777800074
3.00774777800074
2.3087777736647213
3.00774777800074
3.00774777800074
3.00774777800074
3.00774777800074
1.502597799680834
2.5306265232810774
3.00774777800074
1.3642951015145526
3.00774777800074
3.00774777800074
3.00774777800074
2.4056877866727775
0.7267144107530125
2.5306265232810774
3.00774777800074
1.2224179429899729
2.162649737986483
3.00774777800074
3.00774777800074
3.00774777800074
2.229596527617096
3.00774777800074
3.00774777800074
2.7067177823367587
2.1046577910087962
2.229596527617096
2.4056877866727775
2.7067177823367587
2.5306265232810774
3.00774777800074
3.00774777800074
2.1046577910087962
2.229596527617096
3.00774777800074
2.7067177823367587
2.7067177823367587
2.5306265232810774
3.00774777800074
3.00774777800074
3.00774777800074
3.00774777800074
2.5306265232810774
2.0535052685614152
2.5306265232810774
3.00774777800074
2.7067177823367587
3.00774777800074
3.00774777800074
1.9663550928425149
1.9663550928425149
2.7067177823367587
2.7067177823367587
2.5306265232810774
3.00774777800074
2.7067177823367587
2.4056877866727775
3.00774777800074
2.5306265232810774
1.1688986872634846
3.00774777800074
2.3087777736647213
2.7067177823367587
3.00774777800074
2.5306265232810774
3.00774777800074
2.5306265232810774
1.0583577713558272
3.00774777800074
3.00774777800074
3.00774777800074
3.00774777800074
2.229596527617096
1.9663550928425149
3.00774777800074
3.00774777800074
3.00774777800074
3.00774777800074
3.00774777800074
3.00774777800074
3.00774777800074
3.00774777800074
2.5306265232810774
3.00774777800074
0
3.00774777800074
2.0535052685614152
3.00774777800074
3.00774777800074
2.7067177823367587
3.00774777800074
1.893804425693903
2.5306265232810774
2.0535052685614152
1.545349780101784
3.00774777800074
2.7067177823367587
3.00774777800074
3.00774777800074
3.00774777800074
0.510818129927525
3.00774777800074
2.162649737986483
2.162649737986483
2.4056877866727775
3.00774777800074
2.7067177823367587
2.3087777736647213
2.7067177823367587
2.5306265232810774
3.00774777800074
2.5306265232810774
3.00774777800074
2.1046577910087962
0
3.00774777800074
3.00774777800074
3.00774777800074
3.00774777800074
2.7067177823367587
2.0535052685614152
2.5306265232810774
0.34878293533630494
2.5306265232810774
1.5763840138417526
2.229596527617096
2.7067177823367587
2.7067177823367587
2.162649737986483
2.4056877866727775
1.2673850885064961
3.00774777800074
3.00774777800074
2.162649737986483
3.00774777800074
3.00774777800074
3.00774777800074
2.229596527617096
3.00774777800074
3.00774777800074
3.00774777800074
3.00774777800074
3.00774777800074
3.00774777800074
3.00774777800074
3.00774777800074
3.00774777800074
2.1046577910087962
1.752475272897434
2.7067177823367587
2.5306265232810774
2.5306265232810774
3.00774777800074
3.00774777800074
2.7067177823367587
3.00774777800074
2.3087777736647213
3.00774777800074
3.00774777800074
2.7067177823367587
2.162649737986483
3.00774777800074
2.7067177823367587
2.00774777800074
0.7088947015910333
3.00774777800074
1.3545352642253963
2.229596527617096
2.3087777736647213
3.00774777800074
1.9663550928425149
3.00774777800074
3.00774777800074
2.162649737986483
3.00774777800074
2.5306265232810774
2.7067177823367587
2.4056877866727775
3.00774777800074
3.00774777800074
1.3265065406251526
3.00774777800074
2.3087777736647213
3.00774777800074
3.00774777800074
1.3545352642253963
2.5306265232810774
3.00774777800074
3.00774777800074
3.00774777800074
3.00774777800074
3.00774777800074
3.00774777800074
2.5306265232810774
3.00774777800074
1.8616197423225018
3.00774777800074
2.5306265232810774
2.5306265232810774
3.00774777800074
2.0535052685614152
3.00774777800074
2.7067177823367587
3.00774777800074
2.0535052685614152
3.00774777800074
3.00774777800074
1.053505268561415
3.00774777800074
2.7067177823367587
2.5306265232810774
3.00774777800074
1.2084072285471583
3.00774777800074
2.0535052685614152
1.0682285253821213
2.5306265232810774
3.00774777800074
2.229596527617096
3.00774777800074
2.7067177823367587
2.162649737986483
2.229596527617096
2.00774777800074
2.229596527617096
2.3087777736647213
2.7067177823367587
1.502597799680834
1.7067177823367587
3.00774777800074
2.5306265232810774
3.00774777800074
2.5306265232810774
2.4056877866727775
2.4056877866727775
2.162649737986483
1.7772988566224661
2.229596527617096
3.00774777800074
3.00774777800074
2.5306265232810774
2.7067177823367587
1.5163860841664671
3.00774777800074
2.3087777736647213
3.00774777800074
3.00774777800074
3.00774777800074
3.00774777800074
3.00774777800074
3.00774777800074
2.5306265232810774
2.7067177823367587
2.4056877866727775
2.7067177823367587
3.00774777800074
3.00774777800074
1.9285665319531151
3.00774777800074
3.00774777800074
2.7067177823367587
2.5306265232810774
1.5306265232810774
3.00774777800074
1.3844984876028394
3.00774777800074
2.5306265232810774
2.7067177823367587
3.00774777800074
2.4056877866727775
3.00774777800074
3.00774777800074
2.5306265232810774
2.7067177823367587
2.7067177823367587
3.00774777800074
3.00774777800074
3.00774777800074
2.7067177823367587
3.00774777800074
1.7067177823367587
2.4056877866727775
3.00774777800074
3.00774777800074
3.00774777800074
2.7067177823367587
2.7067177823367587
2.1046577910087962
3.00774777800074
3.00774777800074
3.00774777800074
3.00774777800074
3.00774777800074
2.7067177823367587
3.00774777800074
3.00774777800074
3.00774777800074
2.5306265232810774
2.229596527617096
3.00774777800074
2.7067177823367587
1.344989946319166
2.7067177823367587
2.5306265232810774
1.3949639212810043
3.00774777800074
3.00774777800074
2.0535052685614152
2.7067177823367587
2.3087777736647213
3.00774777800074
2.4056877866727775
2.5306265232810774
0.9395619162545783
3.00774777800074
2.5306265232810774
3.00774777800074
3.00774777800074
3.00774777800074
1.9663550928425149
0.9703212800601163
2.7067177823367587
2.7067177823367587
2.5306265232810774
3.00774777800074
3.00774777800074
2.5306265232810774
3.00774777800074
3.00774777800074
2.0535052685614152
3.00774777800074
1.3545352642253963
3.00774777800074
3.00774777800074
1.5605897466585208
2.7067177823367587
2.162649737986483
2.5306265232810774
3.00774777800074
3.00774777800074
2.7067177823367587
2.7067177823367587
1.1269341857199486
1.3949639212810043
1.9663550928425149
2.7067177823367587
2.5306265232810774
2.7067177823367587
2.7067177823367587
3.00774777800074
3.00774777800074
3.00774777800074
2.7067177823367587
2.00774777800074
3.00774777800074
3.00774777800074
1.1101206867102984
3.00774777800074
2.7067177823367587
2.5306265232810774
2.1046577910087962
2.00774777800074
2.7067177823367587
3.00774777800074
3.00774777800074
2.4056877866727775
2.7067177823367587
1.7772988566224661
2.229596527617096
3.00774777800074
3.00774777800074
3.00774777800074
3.00774777800074
1.8316565189450587
2.5306265232810774
1.5306265232810774
2.162649737986483
2.3087777736647213
2.00774777800074
1.3001776019028035
1.8616197423225018
3.00774777800074
2.7067177823367587
2.7067177823367587
3.00774777800074
2.5306265232810774
1.7772988566224661
2.7067177823367587
3.00774777800074
2.4056877866727775
1.6653250971785336
3.00774777800074
2.7067177823367587
2.4056877866727775
1.5306265232810774
2.5306265232810774
1.8316565189450587
1.893804425693903
1.752475272897434
3.00774777800074
3.00774777800074
2.0535052685614152
2.7067177823367587
3.00774777800074
3.00774777800074
2.7067177823367587
3.00774777800074
2.7067177823367587
2.5306265232810774
1.6855284832668207
2.00774777800074
3.00774777800074
3.00774777800074
1.0487063856796464
2.5306265232810774
3.00774777800074
3.00774777800074
3.00774777800074
1.6098077693287023
3.00774777800074
1.2015678040168527
3.00774777800074
3.00774777800074
2.162649737986483
3.00774777800074
2.229596527617096
3.00774777800074
3.00774777800074
2.5306265232810774
3.00774777800074
2.7067177823367587
2.0535052685614152
2.229596527617096
3.00774777800074
2.4056877866727775
2.7067177823367587
2.5306265232810774
2.5306265232810774
3.00774777800074
3.00774777800074
1.2443197844378027
3.00774777800074
3.00774777800074
3.00774777800074
3.00774777800074
1.2443197844378027
2.162649737986483
2.1046577910087962
3.00774777800074
3.00774777800074
3.00774777800074
3.00774777800074
3.00774777800074
2.7067177823367587
3.00774777800074
1.8616197423225018
2.162649737986483
3.00774777800074
2.4056877866727775
3.00774777800074
3.00774777800074
2.4056877866727775
1.592774430029922
2.229596527617096
2.7067177823367587
1.6855284832668207
3.00774777800074
2.5306265232810774
3.00774777800074
3.00774777800074
2.7067177823367587
3.00774777800074
2.00774777800074
2.162649737986483
2.7067177823367587
3.00774777800074
3.00774777800074
3.00774777800074
1.9663550928425149
3.00774777800074
3.00774777800074
3.00774777800074
2.7067177823367587
2.0535052685614152
0
2.7067177823367587
3.00774777800074
2.7067177823367587
1.4892338381228525
3.00774777800074
2.7067177823367587
3.00774777800074
2.7067177823367587
2.229596527617096
3.00774777800074
3.00774777800074
1.6275365362891339
2.5306265232810774
2.3087777736647213
2.7067177823367587
2.5306265232810774
3.00774777800074
3.00774777800074
3.00774777800074
1.893804425693903
1.4892338381228525
1.8036277953448152
3.00774777800074
2.4056877866727775
3.00774777800074
0.8287708307075705
3.00774777800074
2.7067177823367587
2.4056877866727775
2.0535052685614152
1.9663550928425149
3.00774777800074
3.00774777800074
3.00774777800074
3.00774777800074
3.00774777800074
3.00774777800074
3.00774777800074
3.00774777800074
2.1046577910087962
3.00774777800074
3.00774777800074
2.4056877866727775
3.00774777800074
2.4056877866727775
3.00774777800074
3.00774777800074
2.7067177823367587
2.229596527617096
2.229596527617096
2.5306265232810774
3.00774777800074
3.00774777800074
1.545349780101784
2.1046577910087962
3.00774777800074
2.4056877866727775
1.9663550928425149
3.00774777800074
2.7067177823367587
3.00774777800074
3.00774777800074
2.7067177823367587
3.00774777800074
3.00774777800074
3.00774777800074
3.00774777800074
3.00774777800074
2.7067177823367587
2.4056877866727775
2.7067177823367587
2.5306265232810774
2.7067177823367587
1.7067177823367587
1.0992627591220903
3.00774777800074
2.7067177823367587
1.9285665319531151
3.00774777800074
2.229596527617096
1.8316565189450587
3.00774777800074
2.4056877866727775
2.7067177823367587
2.1046577910087962
2.5306265232810774
2.7067177823367587
1.728994177047911
2.7067177823367587
3.00774777800074
2.3087777736647213
3.00774777800074
0
2.1046577910087962
3.00774777800074
2.3087777736647213
2.5306265232810774
2.5306265232810774
3.00774777800074
3.00774777800074
3.00774777800074
2.7067177823367587
1.8616197423225018
3.00774777800074
3.00774777800074
1.4056877866727775
3.00774777800074
3.00774777800074
3.00774777800074
3.00774777800074
2.229596527617096
2.1046577910087962
2.162649737986483
2.3087777736647213
2.7067177823367587
1.6855284832668207
2.7067177823367587
2.4056877866727775
3.00774777800074
3.00774777800074
2.7067177823367587
2.3087777736647213
2.5306265232810774
2.229596527617096
3.00774777800074
2.5306265232810774
1.7772988566224661
2.5306265232810774
1.893804425693903
2.162649737986483
2.3087777736647213
3.00774777800074
3.00774777800074
3.00774777800074
3.00774777800074
3.00774777800074
3.00774777800074
2.5306265232810774
2.5306265232810774
2.1046577910087962
2.7067177823367587
1.6275365362891339
3.00774777800074
2.229596527617096
3.00774777800074
2.7067177823367587
3.00774777800074
2.7067177823367587
2.229596527617096
2.4056877866727775
1.893804425693903
2.0535052685614152
3.00774777800074
3.00774777800074
2.7067177823367587
2.00774777800074
1.4514452772334527
1.3844984876028394
2.7067177823367587
1.8616197423225018
3.00774777800074
2.5306265232810774
3.00774777800074
2.7067177823367587
2.5306265232810774
2.5306265232810774
1.752475272897434
3.00774777800074
0
1.893804425693903
3.00774777800074
3.00774777800074
3.00774777800074
3.00774777800074
2.162649737986483
3.00774777800074
3.00774777800074
2.162649737986483
3.00774777800074
2.7067177823367587
2.4056877866727775
3.00774777800074
3.00774777800074
3.00774777800074
3.00774777800074
1.9663550928425149
2.4056877866727775
1.6855284832668207
2.5306265232810774
2.7067177823367587
3.00774777800074
3.00774777800074
2.3087777736647213
2.3087777736647213
3.00774777800074
1.893804425693903
2.1046577910087962
2.7067177823367587
3.00774777800074
3.00774777800074
1.439546053933745
2.4056877866727775
3.00774777800074
1.144424917880284
3.00774777800074
3.00774777800074
3.00774777800074
2.5306265232810774
2.7067177823367587
3.00774777800074
3.00774777800074
3.00774777800074
3.00774777800074
3.00774777800074
3.00774777800074
1.6275365362891339
3.00774777800074
2.7067177823367587
3.00774777800074
2.7067177823367587
2.7067177823367587
1.4892338381228525
3.00774777800074
3.00774777800074
3.00774777800074
2.162649737986483
3.00774777800074
3.00774777800074
1.9663550928425149
3.00774777800074
2.3087777736647213
3.00774777800074
2.7067177823367587
3.00774777800074
2.7067177823367587
3.00774777800074
3.00774777800074
0
3.00774777800074
3.00774777800074
1.8036277953448152
2.3087777736647213
2.3087777736647213
2.4056877866727775
3.00774777800074
3.00774777800074
1.9663550928425149
0
2.162649737986483
1.893804425693903
3.00774777800074
3.00774777800074
2.7067177823367587
2.7067177823367587
2.7067177823367587
2.7067177823367587
2.5306265232810774
1.893804425693903
2.4056877866727775
3.00774777800074
2.7067177823367587
3.00774777800074
2.7067177823367587
3.00774777800074
2.229596527617096
2.7067177823367587
1.893804425693903
3.00774777800074
2.7067177823367587
3.00774777800074
2.5306265232810774
2.5306265232810774
3.00774777800074
3.00774777800074
3.00774777800074
2.4056877866727775
3.00774777800074
1.8316565189450587
3.00774777800074
3.00774777800074
3.00774777800074
2.4056877866727775
3.00774777800074
2.162649737986483
3.00774777800074
3.00774777800074
2.7067177823367587
3.00774777800074
1.8616197423225018
2.5306265232810774
1.4762688609584849
2.4056877866727775
2.7067177823367587
2.3087777736647213
1.9285665319531151
3.00774777800074
2.229596527617096
1.1101206867102984
2.7067177823367587
3.00774777800074
3.00774777800074
2.4056877866727775
3.00774777800074
3.00774777800074
3.00774777800074
2.5306265232810774
3.00774777800074
2.00774777800074
0
3.00774777800074
1.3949639212810043
3.00774777800074
2.4056877866727775
3.00774777800074
2.5306265232810774
3.00774777800074
2.5306265232810774
2.7067177823367587
3.00774777800074
3.00774777800074
3.00774777800074
3.00774777800074
1.2595597509945395
2.5306265232810774
3.00774777800074
2.7067177823367587
2.3087777736647213
2.1046577910087962
1.9285665319531151
3.00774777800074
3.00774777800074
1.5605897466585208
2.3087777736647213
0.5995078126888904
2.00774777800074
3.00774777800074
3.00774777800074
3.00774777800074
2.7067177823367587
2.7067177823367587
2.5306265232810774
1.8616197423225018
2.7067177823367587
1.893804425693903
2.7067177823367587
3.00774777800074
2.229596527617096
3.00774777800074
3.00774777800074
3.00774777800074
2.7067177823367587
3.00774777800074
0.8146231796462783
3.00774777800074
3.00774777800074
3.00774777800074
1.8036277953448152
1.6098077693287023
1.8036277953448152
1.545349780101784
3.00774777800074
2.7067177823367587
3.00774777800074
2.5306265232810774
1.8036277953448152
2.00774777800074
2.5306265232810774
3.00774777800074
3.00774777800074
2.5306265232810774
3.00774777800074
1.6855284832668207
2.4056877866727775
3.00774777800074
3.00774777800074
1.893804425693903
2.5306265232810774
3.00774777800074
1.9663550928425149
3.00774777800074
2.7067177823367587
2.3087777736647213
1.2518729223282485
3.00774777800074
3.00774777800074
3.00774777800074
3.00774777800074
2.7067177823367587
2.4056877866727775
3.00774777800074
2.5306265232810774
3.00774777800074
3.00774777800074
3.00774777800074
3.00774777800074
2.4056877866727775
1.752475272897434
3.00774777800074
3.00774777800074
2.7067177823367587
3.00774777800074
2.4056877866727775
2.7067177823367587
3.00774777800074
1.344989946319166
3.00774777800074
1.3545352642253963
2.4056877866727775
3.00774777800074
2.5306265232810774
2.4056877866727775
3.00774777800074
3.00774777800074
1.9285665319531151
3.00774777800074
2.4056877866727775
3.00774777800074
2.7067177823367587
3.00774777800074
2.7067177823367587
2.7067177823367587
2.1046577910087962
2.7067177823367587
3.00774777800074
3.00774777800074
2.7067177823367587
3.00774777800074
2.3087777736647213
2.5306265232810774
3.00774777800074
3.00774777800074
1.752475272897434
3.00774777800074
3.00774777800074
1.5163860841664671
2.5306265232810774
1.893804425693903
3.00774777800074
3.00774777800074
3.00774777800074
2.162649737986483
2.4056877866727775
3.00774777800074
3.00774777800074
2.7067177823367587
3.00774777800074
0.7597745116389333
3.00774777800074
2.5306265232810774
3.00774777800074
2.4056877866727775
2.4056877866727775
3.00774777800074
2.5306265232810774
3.00774777800074
3.00774777800074
2.162649737986483
1.3949639212810043
2.4056877866727775
3.00774777800074
1.6460199419831472
0.5668386959355223
1.592774430029922
3.00774777800074
2.4056877866727775
2.7067177823367587
2.4056877866727775
3.00774777800074
3.00774777800074
2.0535052685614152
2.0535052685614152
2.162649737986483
3.00774777800074
1.1816729752999136
3.00774777800074
2.7067177823367587
3.00774777800074
2.5306265232810774
3.00774777800074
1.5605897466585208
2.5306265232810774
2.5306265232810774
3.00774777800074
2.4056877866727775
3.00774777800074
3.00774777800074
2.1046577910087962
1.0254765449611716
2.7067177823367587
2.5306265232810774
3.00774777800074
2.4056877866727775
2.7067177823367587
3.00774777800074
2.229596527617096
3.00774777800074
3.00774777800074
3.00774777800074
2.5306265232810774
3.00774777800074
3.00774777800074
2.7067177823367587
3.00774777800074
2.3087777736647213
2.00774777800074
1.8616197423225018
2.5306265232810774
2.7067177823367587
3.00774777800074
2.5306265232810774
1.344989946319166
3.00774777800074
3.00774777800074
1.752475272897434
1.8316565189450587
3.00774777800074
1.5605897466585208
3.00774777800074
3.00774777800074
3.00774777800074
3.00774777800074
2.5306265232810774
2.00774777800074
2.7067177823367587
2.5306265232810774
1.2917444343659408
3.00774777800074
3.00774777800074
3.00774777800074
2.7067177823367587
3.00774777800074
2.4056877866727775
3.00774777800074
3.00774777800074
3.00774777800074
1.3175516979722264
2.5306265232810774
2.7067177823367587
3.00774777800074
0.735906171464241
2.7067177823367587
0.9824419127359697
2.7067177823367587
2.3087777736647213
1.2595597509945395
2.0535052685614152
0.7524752728974339
2.229596527617096
2.7067177823367587
2.7067177823367587
2.0535052685614152
3.00774777800074
2.3087777736647213
2.7067177823367587
2.7067177823367587
2.5306265232810774
3.00774777800074
2.0535052685614152
3.00774777800074
2.5306265232810774
2.5306265232810774
2.0535052685614152
3.00774777800074
3.00774777800074
3.00774777800074
2.162649737986483
2.162649737986483
2.229596527617096
2.162649737986483
1.4892338381228525
3.00774777800074
1.5306265232810774
2.4056877866727775
3.00774777800074
1.8316565189450587
3.00774777800074
2.7067177823367587
2.162649737986483
3.00774777800074
2.162649737986483
2.5306265232810774
3.00774777800074
3.00774777800074
1.6098077693287023
3.00774777800074
3.00774777800074
3.00774777800074
2.3087777736647213
3.00774777800074
2.7067177823367587
0.8009219019688902
2.7067177823367587
2.7067177823367587
2.3087777736647213
3.00774777800074
1.3356499200650225
3.00774777800074
3.00774777800074
1.3545352642253963
3.00774777800074
2.3087777736647213
3.00774777800074
3.00774777800074
2.5306265232810774
2.5306265232810774
2.7067177823367587
2.7067177823367587
2.0535052685614152
3.00774777800074
1.9285665319531151
2.5306265232810774
3.00774777800074
3.00774777800074
2.5306265232810774
2.7067177823367587
2.3087777736647213
1.5763840138417526
2.7067177823367587
2.7067177823367587
2.5306265232810774
3.00774777800074
3.00774777800074
2.7067177823367587
3.00774777800074
3.00774777800074
3.00774777800074
3.00774777800074
3.00774777800074
2.4056877866727775
3.00774777800074
3.00774777800074
3.00774777800074
2.00774777800074
2.4056877866727775
2.4056877866727775
3.00774777800074
3.00774777800074
2.3087777736647213
3.00774777800074
2.0535052685614152
2.3087777736647213
3.00774777800074
3.00774777800074
1.6460199419831472
3.00774777800074
2.229596527617096
3.00774777800074
3.00774777800074
2.7067177823367587
3.00774777800074
2.5306265232810774
3.00774777800074
1.0300241727118922
3.00774777800074
2.1046577910087962
2.229596527617096
3.00774777800074
2.4056877866727775
2.1046577910087962
3.00774777800074
2.7067177823367587
2.5306265232810774
3.00774777800074
2.7067177823367587
3.00774777800074
3.00774777800074
2.3087777736647213
2.5306265232810774
2.5306265232810774
2.7067177823367587
3.00774777800074
1.9663550928425149
3.00774777800074
3.00774777800074
2.0535052685614152
2.229596527617096
1.6855284832668207
2.1046577910087962
2.5306265232810774
3.00774777800074
3.00774777800074
3.00774777800074
2.00774777800074
2.7067177823367587
2.5306265232810774
2.5306265232810774
2.5306265232810774
2.162649737986483
3.00774777800074
2.7067177823367587
1.893804425693903
1.5605897466585208
2.4056877866727775
3.00774777800074
2.7067177823367587
3.00774777800074
3.00774777800074
2.7067177823367587
2.5306265232810774
1.893804425693903
1.9663550928425149
2.4056877866727775
3.00774777800074
3.00774777800074
3.00774777800074
1.8036277953448152
3.00774777800074
3.00774777800074
2.5306265232810774
2.1046577910087962
2.7067177823367587
1.6653250971785336
3.00774777800074
2.4056877866727775
0.4279641813839298
2.7067177823367587
2.4056877866727775
2.7067177823367587
3.00774777800074
2.5306265232810774
3.00774777800074
2.1046577910087962
3.00774777800074
2.7067177823367587
2.5306265232810774
3.00774777800074
3.00774777800074
3.00774777800074
3.00774777800074
3.00774777800074
2.7067177823367587
3.00774777800074
3.00774777800074
2.5306265232810774
3.00774777800074
3.00774777800074
3.00774777800074
3.00774777800074
0.897158067701491
2.3087777736647213
3.00774777800074
3.00774777800074
2.7067177823367587
1.893804425693903
2.7067177823367587
3.00774777800074
2.162649737986483
2.5306265232810774
3.00774777800074
2.5306265232810774
3.00774777800074
3.00774777800074
3.00774777800074
3.00774777800074
3.00774777800074
2.4056877866727775
2.7067177823367587
3.00774777800074
3.00774777800074
3.00774777800074
1.9285665319531151
2.4056877866727775
3.00774777800074
2.3087777736647213
2.5306265232810774
2.162649737986483
1.752475272897434
2.1046577910087962
1.0346199244010412
1.9663550928425149
3.00774777800074
2.7067177823367587
3.00774777800074
2.7067177823367587
3.00774777800074
3.00774777800074
3.00774777800074
3.00774777800074
0.8063506536802885
2.00774777800074
2.4056877866727775
3.00774777800074
0
1.9285665319531151
3.00774777800074
2.00774777800074
2.7067177823367587
2.7067177823367587
2.162649737986483
3.00774777800074
3.00774777800074
3.00774777800074
3.00774777800074
3.00774777800074
3.00774777800074
3.00774777800074
3.00774777800074
3.00774777800074
3.00774777800074
2.229596527617096
3.00774777800074
3.00774777800074
1.6855284832668207
2.7067177823367587
2.7067177823367587
2.7067177823367587
2.7067177823367587
3.00774777800074
3.00774777800074
1.4762688609584849
2.5306265232810774
1.8616197423225018
3.00774777800074
3.00774777800074
3.00774777800074
1.0992627591220903
2.1046577910087962
2.5306265232810774
1.2673850885064961
2.5306265232810774
2.3087777736647213
1.0583577713558272
2.7067177823367587
2.3087777736647213
2.4056877866727775
2.5306265232810774
3.00774777800074
3.00774777800074
2.229596527617096
3.00774777800074
3.00774777800074
3.00774777800074
3.00774777800074
1.344989946319166
3.00774777800074
2.229596527617096
2.7067177823367587
3.00774777800074
3.00774777800074
2.5306265232810774
1.439546053933745
2.7067177823367587
2.4056877866727775
2.7067177823367587
2.162649737986483
2.229596527617096
3.00774777800074
2.7067177823367587
2.4056877866727775
2.229596527617096
3.00774777800074
3.00774777800074
1.893804425693903
3.00774777800074
3.00774777800074
1.3001776019028035
3.00774777800074
0
3.00774777800074
1.6460199419831472
2.7067177823367587
3.00774777800074
2.7067177823367587
3.00774777800074
3.00774777800074
0.8433949222163029
3.00774777800074
3.00774777800074
3.00774777800074
3.00774777800074
2.4056877866727775
3.00774777800074
2.00774777800074
3.00774777800074
2.00774777800074
3.00774777800074
1.308777773664721
2.229596527617096
2.7067177823367587
2.3087777736647213
3.00774777800074
3.00774777800074
3.00774777800074
3.00774777800074
3.00774777800074
3.00774777800074
3.00774777800074
1.9285665319531151
2.3087777736647213
2.229596527617096
2.1046577910087962
2.5306265232810774
0.8742088696305225
2.162649737986483
1.8316565189450587
2.162649737986483
2.162649737986483
2.4056877866727775
1.4166831709742407
2.7067177823367587
3.00774777800074
1.4892338381228525
1.3844984876028394
3.00774777800074
3.00774777800074
1.3175516979722264
2.7067177823367587
2.3087777736647213
3.00774777800074
3.00774777800074
3.00774777800074
2.7067177823367587
3.00774777800074
3.00774777800074
3.00774777800074
2.3087777736647213
3.00774777800074
1.1564894292816645
2.0535052685614152
1.8616197423225018
1.9663550928425149
3.00774777800074
1.7772988566224661
1.1564894292816645
1.4166831709742407
2.7067177823367587
1.4636797336504643
1.9663550928425149
2.4056877866727775
2.229596527617096
2.3087777736647213
3.00774777800074
2.1046577910087962
3.00774777800074
2.229596527617096
3.00774777800074
2.3087777736647213
1.9663550928425149
2.7067177823367587
2.162649737986483
2.7067177823367587
2.7067177823367587
3.00774777800074
0.05495533495664785
2.7067177823367587
2.1046577910087962
3.00774777800074
3.00774777800074
3.00774777800074
3.00774777800074
3.00774777800074
3.00774777800074
2.7067177823367587
2.4056877866727775
2.7067177823367587
2.4056877866727775
3.00774777800074
3.00774777800074
1.1816729752999136
3.00774777800074
1.8616197423225018
2.3087777736647213
3.00774777800074
2.7067177823367587
3.00774777800074
2.229596527617096
3.00774777800074
0.8585286653453601
2.0535052685614152
3.00774777800074
3.00774777800074
3.00774777800074
2.7067177823367587
1.5763840138417526
2.5306265232810774
3.00774777800074
2.0535052685614152
2.7067177823367587
3.00774777800074
3.00774777800074
2.7067177823367587
3.00774777800074
3.00774777800074
3.00774777800074
3.00774777800074
3.00774777800074
3.00774777800074
3.00774777800074
2.7067177823367587
1.752475272897434
3.00774777800074
3.00774777800074
1.2295965276170964
2.7067177823367587
2.4056877866727775
2.5306265232810774
2.7067177823367587
1.2518729223282485
2.7067177823367587
1.893804425693903
3.00774777800074
3.00774777800074
3.00774777800074
3.00774777800074
2.7067177823367587
2.4056877866727775
3.00774777800074
2.7067177823367587
2.4056877866727775
3.00774777800074
3.00774777800074
1.3642951015145526
2.5306265232810774
3.00774777800074
2.5306265232810774
3.00774777800074
3.00774777800074
2.5306265232810774
3.00774777800074
2.3087777736647213
3.00774777800074
3.00774777800074
3.00774777800074
1.8036277953448152
3.00774777800074
2.162649737986483
3.00774777800074
0.8174160798304484
2.7067177823367587
3.00774777800074
2.7067177823367587
2.7067177823367587
2.7067177823367587
3.00774777800074
3.00774777800074
3.00774777800074
3.00774777800074
3.00774777800074
2.3087777736647213
3.00774777800074
1.9285665319531151
1.8036277953448152
1.5763840138417526
1.893804425693903
2.5306265232810774
3.00774777800074
3.00774777800074
2.4056877866727775
3.00774777800074
3.00774777800074
0
0.9470499376471282
3.00774777800074
3.00774777800074
2.0535052685614152
2.7067177823367587
3.00774777800074
3.00774777800074
2.229596527617096
3.00774777800074
3.00774777800074
3.00774777800074
2.3087777736647213
2.5306265232810774
2.7067177823367587
2.3087777736647213
2.4056877866727775
1.752475272897434
3.00774777800074
2.7067177823367587
3.00774777800074
3.00774777800074
1.893804425693903
1.4514452772334527
3.00774777800074
2.229596527617096
0.3070440608557206
2.4056877866727775
3.00774777800074
2.7067177823367587
2.7067177823367587
3.00774777800074
3.00774777800074
2.7067177823367587
3.00774777800074
1.893804425693903
1.9663550928425149
3.00774777800074
2.7067177823367587
3.00774777800074
2.5306265232810774
3.00774777800074
1.7772988566224661
2.229596527617096
1.752475272897434
3.00774777800074
1.4279641813839299
3.00774777800074
2.7067177823367587
3.00774777800074
3.00774777800074
3.00774777800074
3.00774777800074
2.1046577910087962
3.00774777800074
3.00774777800074
2.7067177823367587
3.00774777800074
3.00774777800074
2.7067177823367587
3.00774777800074
2.7067177823367587
3.00774777800074
2.5306265232810774
1.9285665319531151
2.7067177823367587
2.5306265232810774
2.7067177823367587
3.00774777800074
2.229596527617096
2.7067177823367587
1.893804425693903
2.7067177823367587
2.7067177823367587
2.3087777736647213
2.7067177823367587
1.8616197423225018
2.7067177823367587
3.00774777800074
3.00774777800074
2.7067177823367587
3.00774777800074
1.5306265232810774
3.00774777800074
3.00774777800074
3.00774777800074
3.00774777800074
3.00774777800074
3.00774777800074
0.9824419127359697
1.9663550928425149
3.00774777800074
1.4636797336504643
3.00774777800074
2.7067177823367587
3.00774777800074
2.7067177823367587
3.00774777800074
2.229596527617096
2.5306265232810774
3.00774777800074
3.00774777800074
2.229596527617096
1.893804425693903
1.2368957663585958
3.00774777800074
2.3087777736647213
2.7067177823367587
2.229596527617096
3.00774777800074
2.7067177823367587
2.7067177823367587
3.00774777800074
2.7067177823367587
3.00774777800074
3.00774777800074
2.229596527617096
3.00774777800074
2.5306265232810774
1.8616197423225018
2.7067177823367587
2.5306265232810774
2.162649737986483
1.9663550928425149
3.00774777800074
1.4056877866727775
1.545349780101784
2.4056877866727775
3.00774777800074
3.00774777800074
2.3087777736647213
1.308777773664721
0
2.00774777800074
3.00774777800074
3.00774777800074
3.00774777800074
2.5306265232810774
2.4056877866727775
3.00774777800074
1.4279641813839299
3.00774777800074
2.7067177823367587
3.00774777800074
2.4056877866727775
1.5306265232810774
3.00774777800074
2.3087777736647213
2.3087777736647213
2.1046577910087962
3.00774777800074
2.162649737986483
3.00774777800074
2.7067177823367587
3.00774777800074
2.3087777736647213
3.00774777800074
3.00774777800074
3.00774777800074
2.4056877866727775
1.6275365362891339
3.00774777800074
1.6098077693287023
3.00774777800074
2.7067177823367587
3.00774777800074
2.7067177823367587
2.5306265232810774
3.00774777800074
2.5306265232810774
1.3844984876028394
2.5306265232810774
1.4636797336504643
3.00774777800074
3.00774777800074
3.00774777800074
2.5306265232810774
2.7067177823367587
2.5306265232810774
2.3087777736647213
2.5306265232810774
3.00774777800074
2.229596527617096
2.229596527617096
3.00774777800074
3.00774777800074
2.7067177823367587
3.00774777800074
3.00774777800074
3.00774777800074
2.4056877866727775
3.00774777800074
3.00774777800074
1.9663550928425149
3.00774777800074
2.7067177823367587
2.5306265232810774
2.4056877866727775
2.162649737986483
2.7067177823367587
2.7067177823367587
3.00774777800074
1.4056877866727775
1.592774430029922
2.4056877866727775
2.7067177823367587
2.3087777736647213
1.545349780101784
3.00774777800074
2.4056877866727775
2.7067177823367587
3.00774777800074
3.00774777800074
3.00774777800074
3.00774777800074
3.00774777800074
3.00774777800074
3.00774777800074
3.00774777800074
1.728994177047911
2.7067177823367587
3.00774777800074
2.229596527617096
2.7067177823367587
2.3087777736647213
3.00774777800074
2.7067177823367587
3.00774777800074
3.00774777800074
2.162649737986483
3.00774777800074
3.00774777800074
2.7067177823367587
3.00774777800074
3.00774777800074
2.7067177823367587
1.4514452772334527
3.00774777800074
2.7067177823367587
2.4056877866727775
3.00774777800074
1.6855284832668207
1.9663550928425149
2.5306265232810774
2.5306265232810774
2.3087777736647213
3.00774777800074
2.7067177823367587
3.00774777800074
1.9285665319531151
2.7067177823367587
2.3087777736647213
2.229596527617096
2.7067177823367587
2.3087777736647213
3.00774777800074
2.7067177823367587
3.00774777800074
3.00774777800074
2.5306265232810774
3.00774777800074
1.9663550928425149
2.3087777736647213
3.00774777800074
3.00774777800074
3.00774777800074
2.3087777736647213
1.893804425693903
2.5306265232810774
2.7067177823367587
2.5306265232810774
2.7067177823367587
2.5306265232810774
2.7067177823367587
2.7067177823367587
3.00774777800074
2.7067177823367587
3.00774777800074
2.7067177823367587
3.00774777800074
3.00774777800074
1.2084072285471583
3.00774777800074
3.00774777800074
3.00774777800074
3.00774777800074
3.00774777800074
1.728994177047911
3.00774777800074
2.3087777736647213
2.4056877866727775
3.00774777800074
3.00774777800074
2.7067177823367587
2.0535052685614152
2.5306265232810774
1.8316565189450587
3.00774777800074
2.1046577910087962
3.00774777800074
2.162649737986483
2.7067177823367587
1.3742793224211534
3.00774777800074
2.162649737986483
2.229596527617096
2.5306265232810774
3.00774777800074
2.7067177823367587
1.8316565189450587
1.0632651058505713
2.5306265232810774
1.4636797336504643
2.7067177823367587
2.7067177823367587
3.00774777800074
3.00774777800074
1.728994177047911
3.00774777800074
0
3.00774777800074
1.7772988566224661
3.00774777800074
2.7067177823367587
1.592774430029922
3.00774777800074
2.5306265232810774
2.7067177823367587
3.00774777800074
3.00774777800074
3.00774777800074
2.162649737986483
1.9663550928425149
3.00774777800074
3.00774777800074
1.0165217023082451
2.7067177823367587
1.728994177047911
1.9663550928425149
3.00774777800074
2.7067177823367587
3.00774777800074
3.00774777800074
3.00774777800074
3.00774777800074
2.0535052685614152
2.7067177823367587
2.3087777736647213
2.7067177823367587
2.7067177823367587
2.162649737986483
3.00774777800074
2.5306265232810774
2.7067177823367587
2.7067177823367587
3.00774777800074
3.00774777800074
2.7067177823367587
2.7067177823367587
3.00774777800074
1.5306265232810774
2.3087777736647213
0.9624247992140825
2.7067177823367587
2.5306265232810774
2.3087777736647213
1.8616197423225018
3.00774777800074
2.7067177823367587
3.00774777800074
3.00774777800074
3.00774777800074
2.7067177823367587
2.3087777736647213
3.00774777800074
3.00774777800074
3.00774777800074
2.229596527617096
3.00774777800074
3.00774777800074
3.00774777800074
3.00774777800074
3.00774777800074
2.7067177823367587
1.9285665319531151
3.00774777800074
2.3087777736647213
1.6653250971785336
1.344989946319166
2.162649737986483
3.00774777800074
2.7067177823367587
2.1046577910087962
3.00774777800074
1.162649737986483
2.162649737986483
2.5306265232810774
2.1046577910087962
3.00774777800074
2.229596527617096
1.8036277953448152
3.00774777800074
1.6653250971785336
3.00774777800074
3.00774777800074
3.00774777800074
3.00774777800074
3.00774777800074
2.5306265232810774
1.2753540181777714
1.5163860841664671
1.502597799680834
3.00774777800074
3.00774777800074
2.5306265232810774
2.162649737986483
0.7244465492971903
3.00774777800074
3.00774777800074
3.00774777800074
3.00774777800074
3.00774777800074
2.7067177823367587
3.00774777800074
2.7067177823367587
3.00774777800074
3.00774777800074
2.7067177823367587
3.00774777800074
2.4056877866727775
2.229596527617096
2.162649737986483
3.00774777800074
3.00774777800074
2.7067177823367587
3.00774777800074
2.7067177823367587
2.7067177823367587
3.00774777800074
2.3087777736647213
1.3545352642253963
3.00774777800074
2.5306265232810774
1.7067177823367587
2.3087777736647213
1.502597799680834
2.3087777736647213
1.6653250971785336
2.5306265232810774
1.7772988566224661
2.00774777800074
1.1816729752999136
2.162649737986483
2.4056877866727775
3.00774777800074
2.5306265232810774
3.00774777800074
2.229596527617096
1.9285665319531151
2.7067177823367587
3.00774777800074
2.229596527617096
2.7067177823367587
2.00774777800074
3.00774777800074
3.00774777800074
3.00774777800074
3.00774777800074
2.5306265232810774
2.7067177823367587
3.00774777800074
1.0392648294468048
1.2518729223282485
2.7067177823367587
2.7067177823367587
2.4056877866727775
3.00774777800074
2.4056877866727775
3.00774777800074
3.00774777800074
2.5306265232810774
3.00774777800074
0.7452966882703105
3.00774777800074
3.00774777800074
2.7067177823367587
3.00774777800074
2.3087777736647213
3.00774777800074
2.229596527617096
2.4056877866727775
2.4056877866727775
2.229596527617096
1.6275365362891339
2.5306265232810774
2.7067177823367587
3.00774777800074
2.7067177823367587
1.308777773664721
2.4056877866727775
2.7067177823367587
2.7067177823367587
2.7067177823367587
3.00774777800074
3.00774777800074
1.00774777800074
2.3087777736647213
3.00774777800074
2.162649737986483
2.7067177823367587
3.00774777800074
2.7067177823367587
3.00774777800074
2.4056877866727775
3.00774777800074
2.1046577910087962
1.752475272897434
2.7067177823367587
3.00774777800074
2.7067177823367587
1.2834719083999508
3.00774777800074
3.00774777800074
3.00774777800074
2.5306265232810774
2.3087777736647213
2.229596527617096
1.893804425693903
3.00774777800074
2.0535052685614152
2.4056877866727775
1.9285665319531151
1.9285665319531151
2.4056877866727775
3.00774777800074
2.5306265232810774
0
3.00774777800074
2.0535052685614152
3.00774777800074
3.00774777800074
3.00774777800074
1.728994177047911
3.00774777800074
3.00774777800074
2.7067177823367587
2.4056877866727775
2.00774777800074
3.00774777800074
3.00774777800074
2.4056877866727775
3.00774777800074
3.00774777800074
2.7067177823367587
3.00774777800074
1.9285665319531151
2.0535052685614152
3.00774777800074
2.3087777736647213
2.7067177823367587
3.00774777800074
1.2753540181777714
2.3087777736647213
3.00774777800074
3.00774777800074
2.229596527617096
2.0535052685614152
2.3087777736647213
2.3087777736647213
2.7067177823367587
1.893804425693903
3.00774777800074
3.00774777800074
2.5306265232810774
2.3087777736647213
3.00774777800074
2.162649737986483
3.00774777800074
3.00774777800074
3.00774777800074
3.00774777800074
1.8616197423225018
2.7067177823367587
1.6275365362891339
1.9285665319531151
3.00774777800074
2.4056877866727775
2.7067177823367587
2.4056877866727775
2.229596527617096
3.00774777800074
3.00774777800074
2.7067177823367587
2.1046577910087962
2.162649737986483
2.7067177823367587
3.00774777800074
3.00774777800074
3.00774777800074
3.00774777800074
2.7067177823367587
2.7067177823367587
3.00774777800074
2.4056877866727775
2.229596527617096
1.728994177047911
0.5845019040639321
2.3087777736647213
2.0535052685614152
3.00774777800074
3.00774777800074
3.00774777800074
3.00774777800074
0.6132960971745236
2.229596527617096
3.00774777800074
3.00774777800074
3.00774777800074
3.00774777800074
2.7067177823367587
2.5306265232810774
1.5306265232810774
2.7067177823367587
3.00774777800074
3.00774777800074
2.162649737986483
3.00774777800074
3.00774777800074
1.162649737986483
3.00774777800074
3.00774777800074
3.00774777800074
3.00774777800074
2.4056877866727775
1.5306265232810774
2.7067177823367587
1.9663550928425149
3.00774777800074
2.7067177823367587
3.00774777800074
1.0632651058505713
2.4056877866727775
2.7067177823367587
3.00774777800074
3.00774777800074
3.00774777800074
3.00774777800074
3.00774777800074
1.7067177823367587
3.00774777800074
3.00774777800074
2.229596527617096
3.00774777800074
3.00774777800074
3.00774777800074
1.2595597509945395
2.5306265232810774
2.7067177823367587
2.229596527617096
2.7067177823367587
1.8616197423225018
3.00774777800074
3.00774777800074
2.4056877866727775
2.7067177823367587
1.8316565189450587
3.00774777800074
3.00774777800074
3.00774777800074
2.0535052685614152
2.4056877866727775
2.3087777736647213
2.7067177823367587
3.00774777800074
3.00774777800074
1.5306265232810774
2.5306265232810774
2.4056877866727775
1.6275365362891339
3.00774777800074
3.00774777800074
3.00774777800074
3.00774777800074
2.229596527617096
2.1046577910087962
1.6098077693287023
3.00774777800074
2.4056877866727775
2.7067177823367587
2.5306265232810774
3.00774777800074
2.229596527617096
3.00774777800074
1.9285665319531151
1.752475272897434
3.00774777800074
0
3.00774777800074
2.0535052685614152
3.00774777800074
2.7067177823367587
2.4056877866727775
1.752475272897434
1.8036277953448152
2.7067177823367587
3.00774777800074
2.229596527617096
0.7902638337868336
2.5306265232810774
2.5306265232810774
1.5306265232810774
3.00774777800074
3.00774777800074
2.4056877866727775
1.9663550928425149
3.00774777800074
3.00774777800074
3.00774777800074
3.00774777800074
3.00774777800074
0.08243568650109045
2.7067177823367587
3.00774777800074
1.5763840138417526
2.162649737986483
1.728994177047911
2.3087777736647213
2.162649737986483
3.00774777800074
2.7067177823367587
2.229596527617096
1.5605897466585208
3.00774777800074
2.0535052685614152
2.229596527617096
2.5306265232810774
3.00774777800074
3.00774777800074
2.7067177823367587
2.5306265232810774
2.5306265232810774
1.6855284832668207
2.7067177823367587
2.5306265232810774
3.00774777800074
3.00774777800074
3.00774777800074
3.00774777800074
3.00774777800074
3.00774777800074
2.7067177823367587
2.162649737986483
3.00774777800074
2.7067177823367587
2.7067177823367587
3.00774777800074
2.7067177823367587
3.00774777800074
1.6098077693287023
3.00774777800074
2.3087777736647213
3.00774777800074
2.3087777736647213
2.7067177823367587
1.439546053933745
2.4056877866727775
3.00774777800074
3.00774777800074
3.00774777800074
1.2834719083999508
3.00774777800074
3.00774777800074
1.5163860841664671
3.00774777800074
1.5306265232810774
0.9108377649926835
2.00774777800074
2.229596527617096
2.7067177823367587
3.00774777800074
2.162649737986483
3.00774777800074
2.5306265232810774
3.00774777800074
3.00774777800074
2.7067177823367587
2.3087777736647213
3.00774777800074
3.00774777800074
3.00774777800074
2.7067177823367587
2.7067177823367587
3.00774777800074
2.7067177823367587
2.1046577910087962
1.8036277953448152
1.752475272897434
2.7067177823367587
2.7067177823367587
1.0992627591220903
3.00774777800074
3.00774777800074
2.7067177823367587
3.00774777800074
2.162649737986483
1.6460199419831472
3.00774777800074
2.7067177823367587
3.00774777800074
3.00774777800074
2.7067177823367587
3.00774777800074
3.00774777800074
2.7067177823367587
1.13268651460904
3.00774777800074
3.00774777800074
3.00774777800074
1.8616197423225018
3.00774777800074
3.00774777800074
2.4056877866727775
3.00774777800074
2.7067177823367587
1.215356088502486
1.893804425693903
2.7067177823367587
2.7067177823367587
3.00774777800074
2.5306265232810774
2.5306265232810774
1.752475272897434
2.0535052685614152
2.3087777736647213
2.162649737986483
3.00774777800074
1.2518729223282485
3.00774777800074
3.00774777800074
2.7067177823367587
2.7067177823367587
1.6653250971785336
1.8316565189450587
3.00774777800074
2.7067177823367587
3.00774777800074
2.7067177823367587
2.7067177823367587
3.00774777800074
2.7067177823367587
2.229596527617096
3.00774777800074
1.9285665319531151
2.7067177823367587
1.2015678040168527
3.00774777800074
2.7067177823367587
1.2917444343659408
2.5306265232810774
2.7067177823367587
2.5306265232810774
2.5306265232810774
3.00774777800074
3.00774777800074
1.752475272897434
3.00774777800074
3.00774777800074
3.00774777800074
3.00774777800074
2.7067177823367587
1.592774430029922
2.0535052685614152
2.7067177823367587
3.00774777800074
3.00774777800074
3.00774777800074
3.00774777800074
3.00774777800074
3.00774777800074
2.7067177823367587
2.3087777736647213
3.00774777800074
3.00774777800074
3.00774777800074
2.7067177823367587
3.00774777800074
3.00774777800074
3.00774777800074
3.00774777800074
1.2295965276170964
3.00774777800074
3.00774777800074
3.00774777800074
3.00774777800074
3.00774777800074
2.1046577910087962
0
2.7067177823367587
3.00774777800074
2.7067177823367587
3.00774777800074
2.162649737986483
3.00774777800074
1.8616197423225018
2.7067177823367587
2.7067177823367587
3.00774777800074
3.00774777800074
2.3087777736647213
3.00774777800074
2.5306265232810774
2.1046577910087962
2.4056877866727775
2.229596527617096
3.00774777800074
2.4056877866727775
3.00774777800074
1.752475272897434
2.00774777800074
3.00774777800074
1.6855284832668207
2.5306265232810774
2.4056877866727775
3.00774777800074
3.00774777800074
3.00774777800074
3.00774777800074
2.7067177823367587
2.7067177823367587
3.00774777800074
2.5306265232810774
2.5306265232810774
2.3087777736647213
3.00774777800074
2.5306265232810774
1.9663550928425149
2.229596527617096
0.42003681298182854
1.9663550928425149
2.4056877866727775
3.00774777800074
3.00774777800074
2.229596527617096
3.00774777800074
3.00774777800074
2.5306265232810774
3.00774777800074
3.00774777800074
3.00774777800074
2.4056877866727775
1.8616197423225018
3.00774777800074
2.7067177823367587
3.00774777800074
3.00774777800074
2.1046577910087962
3.00774777800074
2.5306265232810774
3.00774777800074
3.00774777800074
1.545349780101784
3.00774777800074
3.00774777800074
3.00774777800074
3.00774777800074
3.00774777800074
2.5306265232810774
1.1752388652945036
2.4056877866727775
1.9663550928425149
3.00774777800074
2.3087777736647213
2.7067177823367587
2.7067177823367587
2.7067177823367587
3.00774777800074
3.00774777800074
3.00774777800074
2.7067177823367587
1.8316565189450587
2.5306265232810774
2.7067177823367587
1.3356499200650225
3.00774777800074
2.3087777736647213
2.5306265232810774
2.7067177823367587
2.3087777736647213
3.00774777800074
2.7067177823367587
2.5306265232810774
3.00774777800074
2.7067177823367587
2.4056877866727775
2.4056877866727775
1.2834719083999508
3.00774777800074
3.00774777800074
3.00774777800074
3.00774777800074
1.6855284832668207
3.00774777800074
3.00774777800074
2.4056877866727775
3.00774777800074
1.1564894292816645
2.5306265232810774
3.00774777800074
2.3087777736647213
3.00774777800074
3.00774777800074
3.00774777800074
2.162649737986483
1.4636797336504643
1.9663550928425149
1.1948344213578843
2.5306265232810774
3.00774777800074
3.00774777800074
3.00774777800074
3.00774777800074
2.3087777736647213
3.00774777800074
2.229596527617096
2.162649737986483
1.893804425693903
3.00774777800074
3.00774777800074
2.4056877866727775
3.00774777800074
3.00774777800074
3.00774777800074
3.00774777800074
3.00774777800074
3.00774777800074
3.00774777800074
2.5306265232810774
2.5306265232810774
3.00774777800074
0.8806429796359323
3.00774777800074
2.7067177823367587
2.229596527617096
2.5306265232810774
2.00774777800074
3.00774777800074
2.7067177823367587
2.7067177823367587
3.00774777800074
3.00774777800074
3.00774777800074
2.7067177823367587
2.3087777736647213
3.00774777800074
2.3087777736647213
2.4056877866727775
3.00774777800074
3.00774777800074
2.162649737986483
1.728994177047911
3.00774777800074
3.00774777800074
2.229596527617096
3.00774777800074
3.00774777800074
1.4279641813839299
2.229596527617096
2.4056877866727775
3.00774777800074
2.7067177823367587
2.162649737986483
0.6692912843961352
1.3265065406251526
2.229596527617096
2.1046577910087962
2.5306265232810774
2.1046577910087962
3.00774777800074
3.00774777800074
3.00774777800074
3.00774777800074
1.8316565189450587
0.798232763458109
2.162649737986483
2.3087777736647213
3.00774777800074
2.00774777800074
2.5306265232810774
2.5306265232810774
1.8036277953448152
0
3.00774777800074
3.00774777800074
3.00774777800074
3.00774777800074
3.00774777800074
2.3087777736647213
3.00774777800074
1.3001776019028035
1.9285665319531151
3.00774777800074
3.00774777800074
3.00774777800074
3.00774777800074
1.893804425693903
3.00774777800074
3.00774777800074
2.7067177823367587
1.7772988566224661
1.6653250971785336
3.00774777800074
2.7067177823367587
0.7622351101865902
2.7067177823367587
2.4056877866727775
2.229596527617096
2.5306265232810774
3.00774777800074
2.4056877866727775
1.752475272897434
3.00774777800074
1.2443197844378027
3.00774777800074
2.7067177823367587
3.00774777800074
2.229596527617096
2.7067177823367587
2.4056877866727775
1.728994177047911
2.3087777736647213
3.00774777800074
2.7067177823367587
2.7067177823367587
3.00774777800074
3.00774777800074
3.00774777800074
1.4056877866727775
1.5605897466585208
2.162649737986483
0.8433949222163029
2.7067177823367587
2.162649737986483
2.7067177823367587
1.2518729223282485
2.5306265232810774
1.7772988566224661
3.00774777800074
3.00774777800074
3.00774777800074
2.229596527617096
1.308777773664721
2.4056877866727775
2.7067177823367587
2.5306265232810774
2.5306265232810774
3.00774777800074
3.00774777800074
2.229596527617096
3.00774777800074
0.7902638337868336
3.00774777800074
3.00774777800074
2.7067177823367587
3.00774777800074
3.00774777800074
1.502597799680834
1.439546053933745
2.4056877866727775
1.8036277953448152
3.00774777800074
2.4056877866727775
2.5306265232810774
2.5306265232810774
1.5306265232810774
3.00774777800074
3.00774777800074
2.162649737986483
3.00774777800074
1.9663550928425149
3.00774777800074
3.00774777800074
1.8316565189450587
2.7067177823367587
3.00774777800074
1.1385160582697638
3.00774777800074
1.8616197423225018
3.00774777800074
3.00774777800074
2.229596527617096
3.00774777800074
3.00774777800074
2.4056877866727775
1.8316565189450587
2.229596527617096
1.8036277953448152
2.7067177823367587
2.5306265232810774
3.00774777800074
3.00774777800074
1.8036277953448152
3.00774777800074
3.00774777800074
2.4056877866727775
1.6275365362891339
2.7067177823367587
2.7067177823367587
2.3087777736647213
3.00774777800074
2.229596527617096
1.7772988566224661
3.00774777800074
1.6460199419831472
1.8316565189450587
3.00774777800074
2.4056877866727775
2.5306265232810774
3.00774777800074
2.7067177823367587
3.00774777800074
2.7067177823367587
3.00774777800074
2.7067177823367587
3.00774777800074
3.00774777800074
3.00774777800074
2.4056877866727775
2.5306265232810774
3.00774777800074
2.5306265232810774
3.00774777800074
2.5306265232810774
3.00774777800074
3.00774777800074
3.00774777800074
2.5306265232810774
2.4056877866727775
3.00774777800074
2.0535052685614152
3.00774777800074
3.00774777800074
1.9663550928425149
2.7067177823367587
3.00774777800074
1.6460199419831472
3.00774777800074
2.7067177823367587
2.229596527617096
3.00774777800074
3.00774777800074
2.229596527617096
2.00774777800074
2.7067177823367587
3.00774777800074
0
3.00774777800074
3.00774777800074
1.7067177823367587
1.4279641813839299
1.2595597509945395
2.7067177823367587
3.00774777800074
2.7067177823367587
2.7067177823367587
3.00774777800074
3.00774777800074
3.00774777800074
3.00774777800074
3.00774777800074
2.7067177823367587
1.6098077693287023
2.229596527617096
3.00774777800074
2.7067177823367587
3.00774777800074
1.7067177823367587
3.00774777800074
2.7067177823367587
3.00774777800074
1.893804425693903
2.7067177823367587
1.9285665319531151
2.7067177823367587
3.00774777800074
2.4056877866727775
2.7067177823367587
2.5306265232810774
3.00774777800074
3.00774777800074
3.00774777800074
2.7067177823367587
3.00774777800074
2.229596527617096
2.5306265232810774
3.00774777800074
1.4279641813839299
1.8316565189450587
2.162649737986483
3.00774777800074
3.00774777800074
3.00774777800074
1.9285665319531151
3.00774777800074
1.6098077693287023
3.00774777800074
3.00774777800074
3.00774777800074
2.7067177823367587
3.00774777800074
3.00774777800074
2.5306265232810774
3.00774777800074
3.00774777800074
3.00774777800074
3.00774777800074
2.7067177823367587
2.229596527617096
2.5306265232810774
2.7067177823367587
2.7067177823367587
3.00774777800074
1.3949639212810043
2.3087777736647213
3.00774777800074
1.1212570528282582
2.00774777800074
3.00774777800074
2.7067177823367587
3.00774777800074
3.00774777800074
3.00774777800074
2.7067177823367587
2.7067177823367587
1.0165217023082451
1.6653250971785336
3.00774777800074
1.893804425693903
1.893804425693903
3.00774777800074
1.344989946319166
1.9663550928425149
2.3087777736647213
2.7067177823367587
3.00774777800074
2.5306265232810774
2.7067177823367587
3.00774777800074
3.00774777800074
2.7067177823367587
3.00774777800074
2.7067177823367587
3.00774777800074
3.00774777800074
2.7067177823367587
3.00774777800074
2.0535052685614152
3.00774777800074
0.5995078126888904
1.1504152815694715
3.00774777800074
1.8616197423225018
3.00774777800074
3.00774777800074
1.2443197844378027
1.893804425693903
2.7067177823367587
3.00774777800074
3.00774777800074
3.00774777800074
2.7067177823367587
2.7067177823367587
1.8316565189450587
3.00774777800074
2.1046577910087962
3.00774777800074
2.4056877866727775
2.7067177823367587
0.792903929953042
2.7067177823367587
2.7067177823367587
2.3087777736647213
3.00774777800074
3.00774777800074
3.00774777800074
1.2595597509945395
2.4056877866727775
2.4056877866727775
2.7067177823367587
3.00774777800074
3.00774777800074
3.00774777800074
2.7067177823367587
2.7067177823367587
1.728994177047911
2.3087777736647213
3.00774777800074
2.7067177823367587
3.00774777800074
0.265808700271541
3.00774777800074
2.3087777736647213
3.00774777800074
2.5306265232810774
2.162649737986483
2.7067177823367587
2.7067177823367587
1.9285665319531151
3.00774777800074
2.7067177823367587
2.1046577910087962
2.7067177823367587
2.5306265232810774
2.162649737986483
2.5306265232810774
3.00774777800074
2.7067177823367587
3.00774777800074
2.3087777736647213
0.2572393831493937
3.00774777800074
3.00774777800074
2.3087777736647213
0.9073772328831771
2.1046577910087962
3.00774777800074
2.7067177823367587
3.00774777800074
2.4056877866727775
2.7067177823367587
2.229596527617096
2.5306265232810774
3.00774777800074
3.00774777800074
3.00774777800074
2.5306265232810774
3.00774777800074
2.7067177823367587
3.00774777800074
2.5306265232810774
2.5306265232810774
3.00774777800074
3.00774777800074
1.9663550928425149
0
1.728994177047911
2.162649737986483
2.5306265232810774
2.162649737986483
2.5306265232810774
2.7067177823367587
2.7067177823367587
3.00774777800074
2.5306265232810774
3.00774777800074
3.00774777800074
3.00774777800074
3.00774777800074
2.00774777800074
2.7067177823367587
3.00774777800074
3.00774777800074
3.00774777800074
2.5306265232810774
2.229596527617096
2.7067177823367587
3.00774777800074
3.00774777800074
3.00774777800074
2.4056877866727775
2.7067177823367587
3.00774777800074
0.7312859738274958
2.4056877866727775
3.00774777800074
2.3087777736647213
3.00774777800074
2.3087777736647213
3.00774777800074
2.4056877866727775
2.7067177823367587
3.00774777800074
3.00774777800074
2.7067177823367587
2.4056877866727775
0.604627256824922
2.5306265232810774
2.4056877866727775
1.893804425693903
2.3087777736647213
3.00774777800074
2.7067177823367587
1.3356499200650225
3.00774777800074
3.00774777800074
3.00774777800074
2.4056877866727775
3.00774777800074
1.308777773664721
1.439546053933745
3.00774777800074
3.00774777800074
1.9663550928425149
1.9663550928425149
2.229596527617096
3.00774777800074
3.00774777800074
2.162649737986483
3.00774777800074
2.1046577910087962
3.00774777800074
1.502597799680834
3.00774777800074
3.00774777800074
1.752475272897434
2.5306265232810774
1.4892338381228525
2.5306265232810774
3.00774777800074
0
2.5306265232810774
3.00774777800074
2.7067177823367587
2.7067177823367587
2.5306265232810774
2.5306265232810774
2.7067177823367587
1.6855284832668207
2.229596527617096
2.4056877866727775
3.00774777800074
2.00774777800074
2.3087777736647213
2.7067177823367587
2.5306265232810774
2.162649737986483
2.7067177823367587
2.00774777800074
3.00774777800074
3.00774777800074
3.00774777800074
1.6460199419831472
2.4056877866727775
3.00774777800074
2.7067177823367587
1.6275365362891339
2.7067177823367587
3.00774777800074
2.5306265232810774
1.3001776019028035
3.00774777800074
3.00774777800074
2.5306265232810774
3.00774777800074
3.00774777800074
3.00774777800074
3.00774777800074
2.229596527617096
2.4056877866727775
2.5306265232810774
2.5306265232810774
2.7067177823367587
3.00774777800074
3.00774777800074
3.00774777800074
3.00774777800074
2.7067177823367587
3.00774777800074
3.00774777800074
1.4892338381228525
2.1046577910087962
2.7067177823367587
2.7067177823367587
2.7067177823367587
0
3.00774777800074
2.5306265232810774
0.9907144387019596
1.7772988566224661
2.5306265232810774
2.7067177823367587
2.5306265232810774
3.00774777800074
1.8616197423225018
3.00774777800074
3.00774777800074
2.5306265232810774
2.7067177823367587
2.7067177823367587
2.229596527617096
2.7067177823367587
2.0535052685614152
3.00774777800074
3.00774777800074
1.8616197423225018
2.5306265232810774
3.00774777800074
3.00774777800074
1.893804425693903
2.7067177823367587
2.7067177823367587
3.00774777800074
1.6653250971785336
2.0535052685614152
2.3087777736647213
2.4056877866727775
2.7067177823367587
2.7067177823367587
3.00774777800074
3.00774777800074
2.5306265232810774
0.5364560669418014
2.7067177823367587
2.4056877866727775
3.00774777800074
3.00774777800074
2.7067177823367587
2.5306265232810774
2.7067177823367587
3.00774777800074
2.7067177823367587
2.4056877866727775
3.00774777800074
3.00774777800074
1.6460199419831472
3.00774777800074
0.9743240225137902
1.3642951015145526
2.7067177823367587
2.4056877866727775
2.1046577910087962
2.7067177823367587
2.7067177823367587
3.00774777800074
3.00774777800074
3.00774777800074
1.5306265232810774
1.9285665319531151
3.00774777800074
3.00774777800074
2.5306265232810774
3.00774777800074
3.00774777800074
2.7067177823367587
3.00774777800074
1.8036277953448152
2.5306265232810774
3.00774777800074
1.752475272897434
2.7067177823367587
3.00774777800074
3.00774777800074
2.7067177823367587
3.00774777800074
2.7067177823367587
2.7067177823367587
2.5306265232810774
3.00774777800074
3.00774777800074
2.4056877866727775
3.00774777800074
2.7067177823367587
3.00774777800074
3.00774777800074
3.00774777800074
2.7067177823367587
2.5306265232810774
3.00774777800074
2.4056877866727775
2.7067177823367587
2.5306265232810774
3.00774777800074
2.7067177823367587
1.6653250971785336
3.00774777800074
3.00774777800074
3.00774777800074
3.00774777800074
2.4056877866727775
3.00774777800074
2.4056877866727775
2.4056877866727775
3.00774777800074
1.6855284832668207
3.00774777800074
1.728994177047911
2.1046577910087962
2.5306265232810774
3.00774777800074
2.3087777736647213
1.1269341857199486
3.00774777800074
3.00774777800074
2.5306265232810774
1.344989946319166
1.5763840138417526
3.00774777800074
1.439546053933745
2.7067177823367587
2.00774777800074
2.0535052685614152
3.00774777800074
3.00774777800074
3.00774777800074
2.0535052685614152
3.00774777800074
2.5306265232810774
0.8374860626057825
2.7067177823367587
3.00774777800074
3.00774777800074
3.00774777800074
2.5306265232810774
3.00774777800074
2.5306265232810774
3.00774777800074
2.7067177823367587
2.4056877866727775
1.4892338381228525
3.00774777800074
2.7067177823367587
1.4636797336504643
2.1046577910087962
3.00774777800074
3.00774777800074
3.00774777800074
2.162649737986483
1.9285665319531151
2.229596527617096
2.7067177823367587
1.9285665319531151
3.00774777800074
1.1046577910087962
2.229596527617096
2.7067177823367587
3.00774777800074
1.728994177047911
3.00774777800074
3.00774777800074
3.00774777800074
3.00774777800074
1.893804425693903
3.00774777800074
2.7067177823367587
2.00774777800074
3.00774777800074
3.00774777800074
2.4056877866727775
3.00774777800074
3.00774777800074
3.00774777800074
3.00774777800074
1.893804425693903
3.00774777800074
1.8616197423225018
0.9108377649926835
2.7067177823367587
1.592774430029922
2.7067177823367587
2.5306265232810774
3.00774777800074
2.4056877866727775
2.162649737986483
2.7067177823367587
3.00774777800074
2.7067177823367587
